16;14;25
241;227;50
358;247;267
149;153;79
55;15;16
256;169;304
187;134;285
49;169;36
33;209;129
209;252;209
286;55;276
51;42;72
7;109;104
108;144;181
295;266;510
224;207;300
75;123;75
214;107;286
99;23;5
331;280;262
81;72;136
150;131;206
297;406;185
206;384;283
280;288;187
58;281;14
149;175;43
6;49;74
167;285;257
265;39;234
138;21;125
185;104;153
155;300;29
376;262;175
332;182;223
77;106;72
136;12;297
37;233;251
28;77;70
364;220;198
47;226;192
69;119;73
227;222;232
176;134;59
231;415;265
179;110;93
33;8;6
235;253;134
117;173;67
74;260;269
102;202;262
135;61;23
183;70;119
220;127;173
72;267;211
466;260;253
228;391;187
296;51;6
125;202;264
55;197;188
172;151;172
136;261;381
226;257;279
20;48;52
135;54;56
208;301;223
101;25;100
263;307;229
67;149;141
12;129;258
84;14;73
108;36;101
235;61;218
161;109;66
388;182;249
192;294;40
137;171;297
258;12;288
167;38;38
60;91;109
96;265;247
135;280;331
269;461;297
180;26;149
316;224;171
7;193;86
280;120;344
92;12;42
218;106;158
211;143;93
200;75;222
204;228;220
261;34;285
253;19;44
221;368;250
289;205;386
250;101;78
147;131;72
124;78;81
285;168;106
223;225;398
218;126;35
257;240;250
396;80;404
9;86;122
51;147;188
87;257;215
296;182;476
171;61;117
28;195;197
148;35;259
253;151;26
95;12;24
123;248;236
345;223;145
159;195;293
171;236;162
155;212;299
260;276;262
24;61;146
110;38;242
79;94;162
127;62;155
199;69;177
227;406;224
269;159;259
272;389;187
66;43;25
200;215;149
120;201;285
42;114;92
282;110;368
348;162;279
40;139;105
119;320;217
191;256;274
220;197;146
215;105;276
284;201;433
65;33;56
270;134;264
110;74;74
247;330;241
133;139;127
37;168;189
23;52;57
251;4;76
48;148;140
503;245;287
34;51;20
70;131;196
108;100;8
9;69;64
216;176;100
228;284;271
280;351;449
115;201;261
81;131;253
51;105;61
255;28;7
94;234;20
255;188;354
66;7;29
290;286;48
196;177;78
11;259;294
224;109;255
449;280;351
228;154;242
213;113;67
152;199;262
172;229;213
229;216;160
150;135;270
96;169;254
150;197;123
239;233;283
35;229;244
264;229;211
69;183;225
34;18;36
58;37;82
193;184;262
161;290;215
44;240;240
111;202;140
273;221;60
147;101;90
137;154;22
232;181;100
115;115;160
129;238;169
146;119;214
162;50;243
143;261;315
78;77;122
17;144;145
286;69;18
193;53;192
147;159;235
122;45;78
69;185;216
198;296;181
19;181;180
218;219;104
285;563;282
42;172;180
133;194;166
56;214;92
11;197;115
162;74;28
319;235;117
21;45;8
9;211;291
103;146;86
5;12;13
330;188;143
224;220;82
45;105;140
272;269;176
291;57;44
7;269;72
263;345;299
136;265;268
278;243;225
282;131;254
110;92;42
163;129;29
141;212;163
149;170;99
230;194;106
145;90;138
109;8;196
153;62;119
64;15;59
182;219;400
110;67;111
288;159;278
35;135;220
29;277;261
148;48;140
237;137;124
227;305;96
96;14;139
68;32;60
192;223;222
222;164;305
199;91;273
12;264;190
103;231;120
298;235;98
139;231;97
182;44;27
126;227;237
103;52;146
13;258;53
76;71;54
205;274;165
437;274;175
211;275;52
86;24;127
262;45;178
125;121;203
163;171;51
84;284;86
115;178;252
223;207;55
149;109;108
153;104;185
13;159;146
148;152;44
80;144;146
244;335;256
46;141;62
239;330;226
242;244;270
197;163;103
226;260;111
29;38;67
148;64;139
21;23;70
111;257;48
292;436;168
119;164;111
48;52;20
252;76;194
59;127;278
182;129;247
419;170;296
312;169;173
63;99;40
15;45;33
61;52;102
149;51;140
135;255;290
334;295;175
232;165;136
255;272;341
182;170;251
93;485;476
101;236;320
81;192;117
10;126;126
240;29;267
37;94;47
263;207;221
210;355;212
24;34;121
130;266;121
49;148;215
277;84;85
253;134;20
248;346;129
268;420;222
100;283;318
75;195;131
203;470;269
176;160;197
187;127;204
39;200;105
285;282;242
82;5;16
89;290;330
43;140;278
191;82;268
40;269;283
151;89;233
227;229;297
331;262;103
58;8;56
470;256;268
273;235;182
218;291;170
89;162;194
197;239;252
145;132;173
32;280;294
179;276;283
297;4;78
126;106;132
195;298;231
140;221;171
234;92;288
54;121;102
133;225;207
88;224;129
214;266;188
32;40;24
128;129;153
183;88;17
74;249;255
94;152;131
123;33;282
262;71;173
142;234;232
21;220;221
40;43;287
286;290;48
239;294;346
135;281;140
77;45;124
300;204;311
257;41;70
541;296;283
64;63;17
27;46;18
253;424;239
291;226;115
230;99;313
207;96;144
143;157;126
18;117;117
76;216;106
123;114;190
208;297;285
70;162;215
118;185;201
194;161;38
246;466;252
129;34;16
480;226;268
34;41;43
39;280;293
320;244;93
283;258;86
281;263;219
20;112;186
237;473;269
303;166;220
170;79;133
217;62;192
126;245;318
119;120;169
226;368;223
262;16;185
39;58;197
173;55;216
296;277;525
234;108;219
287;223;214
191;133;98
128;122;81
197;351;264
118;249;207
280;351;449
113;79;190
299;235;271
152;269;147
55;54;38
184;133;208
211;79;205
195;28;197
20;294;192
298;228;368
78;218;128
34;20;6
207;36;198
161;209;239
197;189;53
204;31;141
85;244;285
24;182;71
178;200;79
338;167;224
278;198;146
49;87;26
260;261;154
80;84;116
264;45;115
126;42;130
26;37;255
234;88;250
257;168;124
36;29;128
249;261;309
297;160;408
64;22;18
286;92;267
52;165;173
34;216;68
240;35;78
291;192;375
357;208;196
183;62;148
251;15;231
257;122;81
83;82;104
57;185;129
123;208;293
268;167;148
197;209;124
195;62;281
55;225;180
148;258;217
66;130;112
181;36;202
211;124;289
219;144;3
238;202;118
126;207;68
200;59;154
501;294;234
132;105;160
56;192;13
252;279;231
86;111;290
95;130;238
23;31;241
200;167;176
66;271;117
110;96;146
74;20;102
301;234;224
62;78;61
178;160;78
6;84;85
50;13;79
119;19;22
192;178;238
51;227;165
63;225;216
177;213;119
189;291;71
60;68;32
123;62;138
290;249;258
371;193;219
4;219;156
242;404;214
99;30;139
95;291;214
142;71;97
206;138;92
576;580;68
119;117;178
47;13;204
179;250;110
3;6;18
207;305;224
196;257;195
120;111;189
258;340;160
312;313;25
142;17;264
153;231;254
155;83;76
62;109;245
128;380;297
142;245;35
96;133;246
116;146;86
79;272;186
198;191;103
181;101;243
34;252;254
148;180;170
129;274;148
138;135;80
266;232;108
369;81;360
241;79;138
41;9;40
168;10;157
162;85;125
500;293;262
23;99;39
108;262;260
340;219;286
33;78;186
18;258;118
256;282;250
188;190;54
214;12;132
105;97;145
257;189;208
175;202;146
252;208;172
122;237;132
410;266;312
138;252;197
244;497;282
656;640;144
55;35;8
33;156;150
85;132;157
73;247;307
24;217;244
56;200;192
102;95;160
111;80;69
212;237;59
360;162;291
219;199;61
209;122;293
204;118;158
125;102;64
54;278;55
155;263;110
20;256;153
625;600;175
105;98;24
146;147;134
66;170;207
299;341;109
172;325;192
21;29;101
242;198;107
270;194;77
260;208;91
173;90;284
284;373;280
339;243;271
363;235;244
249;177;261
295;196;60
73;60;28
131;120;20
271;202;5
244;261;12
120;205;113
235;70;179
93;485;476
141;198;106
204;45;241
274;248;97
213;255;214
141;29;131
168;64;230
640;144;656
135;50;85
169;58;138
22;50;224
147;392;262
264;142;83
127;168;215
170;200;110
240;216;443
20;24;25
143;275;401
134;248;282
282;84;270
54;191;114
245;343;293
290;253;127
247;20;119
220;273;282
230;87;183
12;248;206
102;130;52
309;271;210
208;248;446
24;118;243
29;46;29
153;200;231
207;253;266
175;337;288
267;281;164
226;116;212
64;161;102
139;9;138
53;288;201
231;156;286
415;228;296
136;175;221
216;165;186
168;64;8
16;56;74
182;290;105
232;400;292
67;40;65
64;20;68
261;128;119
331;215;264
131;56;136
292;171;257
209;236;32
199;114;242
52;251;141
27;45;268
147;223;138
45;27;36
57;228;101
181;165;235
199;260;391
69;284;52
158;225;53
99;57;86
209;137;278
65;207;67
6;300;173
266;235;217
144;129;140
262;265;226
28;60;45
26;60;75
60;261;277
160;127;17
244;395;157
117;44;125
58;291;251
91;60;109
254;189;165
356;156;320
116;63;90
289;151;74
20;12;13
47;263;256
299;196;176
180;19;181
22;234;10
218;205;415
31;35;72
138;139;139
16;143;27
106;93;13
352;114;370
52;145;86
94;54;51
43;50;11
153;22;243
148;165;92
255;215;254
221;271;167
177;205;147
189;150;126
4;137;192
150;157;63
49;35;61
269;65;309
256;172;267
183;134;140
320;190;282
45;261;63
235;253;68
386;175;269
156;227;102
89;231;207
165;296;418
131;68;88
179;220;203
91;141;116
105;215;92
177;121;122
73;177;156
120;210;23
259;191;229
247;145;3
160;417;268
236;265;165
275;324;60
202;366;191
265;207;294
110;166;264
209;282;413
83;79;87
221;31;32
419;267;189
119;96;70
60;78;296
98;119;98
125;16;297
83;349;278
250;205;195
416;87;425
154;213;96
61;160;175
218;420;241
274;366;282
38;45;94
117;157;161
194;330;256
336;262;258
273;199;414
80;87;53
83;300;229
122;31;40
228;354;261
322;252;270
155;177;9
144;209;195
123;289;325
94;202;22
116;272;254
254;283;358
209;43;191
241;82;34
148;80;100
74;253;168
213;107;149
83;168;206
29;209;201
265;209;92
77;28;94
295;187;155
81;360;369
349;180;299
252;340;121
56;145;161
124;111;101
188;354;270
132;141;223
195;296;104
586;570;136
413;157;262
436;364;240
104;256;230
45;123;105
9;233;269
39;21;38
180;231;133
118;228;76
244;5;46
73;259;13
287;199;173
209;216;59
151;271;210
308;495;583
41;34;30
75;160;73
333;242;219
217;258;54
105;186;280
106;92;63
163;9;259
469;248;230
138;191;62
249;433;271
151;50;74
271;186;368
12;90;98
106;116;62
508;231;296
187;144;119
85;162;84
197;122;79
220;47;37
234;376;222
49;36;20
191;169;121
138;185;223
519;248;295
175;231;317
54;72;90
64;35;5
256;187;172
139;70;221
311;83;293
20;76;170
196;273;126
126;140;77
180;279;214
156;69;160
174;130;153
24;240;229
22;13;12
147;32;263
191;224;202
49;105;69
234;18;229
66;21;10
197;166;78
154;213;14
58;129;162
27;25;31
19;183;89
110;102;154
125;151;126
35;49;21
247;246;48
198;121;154
235;310;192
86;21;290
19;15;5
29;103;10
75;110;39
256;195;287
233;233;415
310;270;281
251;149;352
139;83;77
107;120;42
279;294;106
21;220;221
183;13;114
166;51;13
290;109;97
271;138;60
146;51;205
273;226;242
98;287;166
33;9;56
193;285;178
104;167;121
82;100;43
5;30;11
59;228;289
211;331;298
421;297;156
195;274;91
134;131;227
244;164;153
240;188;222
140;76;87
456;285;226
226;148;99
170;264;314
210;124;277
250;35;282
70;63;83
79;80;11
121;223;137
39;184;152
57;79;99
187;91;264
71;16;39
442;120;458
131;251;380
127;264;143
45;208;202
108;260;115
296;391;252
249;248;101
161;191;275
124;148;95
69;244;280
171;221;118
82;80;18
237;188;64
198;310;244
224;282;256
150;273;24
241;42;255
166;168;170
32;9;37
109;271;177
273;135;265
272;201;161
135;246;158
402;225;223
203;214;289
23;31;90
194;242;299
212;165;215
32;102;18
337;234;242
179;174;145
183;149;66
194;142;295
106;345;295
187;179;200
11;78;31
270;16;138
76;27;276
279;270;293
81;96;71
78;220;195
328;72;320
341;91;284
41;840;200
49;27;86
125;46;95
122;287;396
17;110;73
128;30;141
227;177;54
108;243;180
376;100;300
106;74;48
500;300;400
267;179;283
198;291;164
89;96;162
337;270;208
229;342;208
124;259;360
151;137;285
101;34;106
262;189;201
54;212;204
52;110;125
118;100;118
288;175;337
229;59;222
292;77;213
41;242;214
105;137;88
130;74;235
217;229;218
240;44;244
231;128;124
152;257;336
218;281;67
53;58;63
261;158;39
271;277;410
189;249;39
211;153;29
230;171;259
74;22;156
261;343;134
240;338;238
279;142;63
83;292;340
280;163;230
151;159;108
59;35;276
175;321;179
259;42;229
98;67;60
41;34;64
92;9;49
262;372;168
105;230;273
43;61;127
151;230;108
100;28;96
345;108;265
191;272;23
306;270;144
39;78;88
63;223;286
285;263;172
209;141;298
149;37;282
31;177;272
72;650;646
63;167;107
464;320;336
250;496;279
38;96;134
214;124;335
164;77;178
131;237;198
183;120;85
132;239;80
64;252;260
15;112;113
360;289;222
12;13;5
283;140;222
113;175;249
71;121;207
273;162;152
132;159;106
333;298;55
278;33;239
27;34;23
146;252;203
155;244;246
442;120;458
291;232;247
90;216;234
105;608;617
48;17;34
28;243;217
163;263;343
146;284;177
260;272;20
132;265;216
234;98;198
161;261;246
180;112;212
248;112;181
299;202;102
169;169;315
388;202;232
47;235;69
123;171;272
172;167;181
33;84;60
264;54;294
206;78;47
169;87;97
44;234;197
98;223;177
288;216;360
97;241;217
138;18;292
146;110;96
512;263;279
608;617;105
225;59;144
231;274;76
94;219;221
137;123;71
7;205;175
265;269;227
159;172;86
152;155;95
242;275;493
59;227;183
9;162;76
66;41;84
57;45;65
267;279;397
254;169;314
14;24;120
120;161;54
163;298;198
43;95;249
172;349;210
303;229;110
58;141;76
254;274;377
118;140;194
269;269;337
324;294;265
268;226;348
139;187;104
244;8;4
110;22;111
286;246;120
24;143;145
262;167;174
72;315;245
100;37;186
97;43;50
268;61;308
271;266;293
177;140;258
20;188;227
263;175;213
514;64;510
195;208;109
41;198;100
208;145;116
124;230;252
37;99;133
84;71;66
122;143;190
238;227;224
134;153;49
218;299;271
220;202;249
149;202;114
263;80;277
59;250;150
300;170;395
167;158;312
151;223;158
41;34;67
50;18;67
166;266;125
30;264;180
204;135;187
205;297;73
6;64;179
208;169;274
48;13;20
106;56;90
104;83;199
251;215;316
73;48;55
250;26;272
7;98;216
251;109;217
92;175;110
48;53;104
46;151;162
223;157;75
143;102;103
138;188;156
210;36;9
159;290;416
138;194;193
175;206;106
204;313;180
122;60;79
212;38;102
154;280;142
164;166;73
250;236;50
271;79;271
266;65;230
377;135;352
80;32;71
67;233;159
284;168;172
224;56;228
243;193;171
47;45;83
49;238;216
136;254;44
175;88;264
364;215;195
80;70;84
82;7;167
65;239;243
532;165;557
158;138;120
260;95;135
242;388;176
50;48;14
67;156;136
107;176;83
212;215;37
20;39;21
69;314;248
40;202;198
285;337;257
373;252;275
104;12;100
169;277;83
151;237;84
423;173;297
142;199;179
255;146;137
191;233;239
275;150;253
235;228;25
107;57;138
301;115;235
187;220;314
44;6;10
132;150;116
292;192;220
122;40;192
248;195;198
357;76;365
40;199;46
188;191;258
43;80;58
75;64;123
25;63;64
8;65;165
200;260;384
501;254;291
55;4;191
113;163;52
332;196;272
195;194;223
53;267;279
208;306;370
160;122;285
420;421;29
102;91;23
131;52;60
3;81;168
208;231;343
138;123;228
291;282;287
37;35;12
140;135;44
267;246;194
39;44;176
78;289;136
140;218;245
61;19;200
107;246;347
35;88;140
124;17;4
184;136;63
75;130;59
99;213;143
142;298;109
183;217;243
120;22;122
208;192;80
59;16;55
189;81;39
208;17;10
148;194;80
150;194;187
72;153;135
270;507;299
58;238;244
195;198;168
50;20;253
38;38;44
40;42;58
192;174;139
250;279;61
122;60;60
42;254;21
173;133;124
201;201;284
95;145;224
283;225;143
178;209;237
163;91;174
43;91;74
109;100;163
596;560;204
60;76;37
138;137;37
320;117;252
345;168;227
41;189;246
82;153;197
48;290;286
217;262;53
135;221;163
61;126;135
40;96;104
108;239;260
219;228;141
102;280;232
56;55;58
100;74;89
229;59;123
241;291;159
248;472;265
132;70;142
84;164;5
296;312;182
66;279;170
268;106;283
154;57;208
15;5;158
182;70;230
60;339;289
128;131;31
209;138;114
386;262;145
85;89;154
425;375;200
192;111;162
335;290;69
64;144;189
81;66;81
235;222;362
245;153;129
190;202;90
128;62;65
87;109;167
247;279;55
80;21;151
282;516;268
57;71;9
116;52;84
132;39;20
140;154;149
297;170;236
74;56;242
129;181;230
155;227;301
89;87;126
186;194;138
50;14;48
231;52;232
217;163;277
248;167;323
172;179;216
333;250;217
92;56;122
320;328;72
31;256;137
175;130;131
532;165;557
161;207;252
191;198;51
127;132;216
113;266;340
173;105;183
243;124;224
9;296;20
514;64;510
251;283;186
215;96;244
187;126;252
334;296;125
190;13;72
68;279;106
202;279;117
155;24;28
265;141;163
61;116;174
229;104;214
251;245;260
239;94;186
426;281;247
13;109;107
227;63;141
86;53;77
173;19;167
89;181;118
75;196;245
278;336;133
274;210;176
181;238;177
390;249;241
215;339;134
138;204;75
296;251;509
91;213;280
338;269;172
225;59;214
128;234;21
90;239;223
23;140;191
83;33;46
75;194;192
93;72;14
270;118;175
53;73;34
119;24;45
214;154;246
127;216;121
240;147;123
76;137;190
227;142;273
272;186;213
300;170;271
239;171;260
283;83;81
221;288;489
36;202;82
290;242;292
123;272;108
270;327;176
183;193;362
146;302;158
246;55;282
273;91;214
276;310;44
98;171;212
67;138;102
60;122;188
17;34;61
212;19;257
63;61;6
342;175;201
18;63;37
337;167;209
210;54;54
262;50;184
145;363;265
166;52;232
98;41;103
76;101;196
107;174;114
94;272;330
27;40;46
132;242;61
253;287;36
68;51;66
239;98;266
98;21;15
185;12;279
249;38;22
87;416;425
100;17;77
80;192;208
87;285;120
55;191;99
21;296;153
51;277;33
264;503;249
241;375;189
33;114;64
380;246;198
569;231;520
157;278;109
282;208;469
9;151;217
160;164;36
155;69;87
336;340;52
254;226;139
297;154;53
121;173;64
154;34;94
118;220;182
32;96;8
277;185;136
236;44;221
116;84;80
158;183;93
97;45;152
233;65;27
86;187;154
300;269;47
70;120;24
278;294;286
94;194;73
205;153;211
166;238;352
155;105;127
172;154;138
131;98;119
92;87;174
253;196;21
55;114;137
160;272;114
126;130;32
11;52;88
248;86;225
195;99;279
76;365;357
203;102;105
257;189;181
397;112;297
86;307;242
101;121;193
330;210;293
232;82;150
494;291;222
193;98;165
88;105;137
27;125;119
56;73;94
9;228;41
401;40;399
4;55;11
340;336;52
103;108;112
291;27;173
289;564;285
310;206;277
124;358;247
115;122;280
212;128;55
208;221;106
139;192;72
29;18;66
241;475;245
220;262;105
133;251;354
52;143;135
184;200;106
119;58;148
210;309;250
130;144;9
242;229;94
17;7;161
24;138;287
163;203;233
67;4;67
128;79;81
261;60;222
233;296;482
34;17;19
280;448;237
64;252;260
195;65;65
74;100;143
48;100;156
159;212;125
202;219;136
79;141;126
45;112;280
147;245;196
38;129;94
161;303;259
293;425;234
41;58;77
480;544;256
260;3;279
193;183;51
245;117;224
160;231;281
44;3;74
295;142;110
247;275;467
275;493;232
148;164;64
112;233;86
288;254;482
108;260;309
297;129;67
203;326;192
324;45;293
20;289;48
197;110;179
274;237;225
218;35;269
294;143;82
152;61;201
84;110;79
29;118;50
168;410;374
410;312;266
132;229;98
185;99;261
153;135;72
40;10;38
97;186;252
135;289;206
289;410;255
128;204;93
95;73;98
74;175;228
80;81;80
63;166;154
289;335;247
230;243;201
401;399;40
377;152;345
212;404;265
340;144;308
314;267;158
136;126;139
113;209;198
147;230;289
32;191;95
165;557;532
176;11;59
187;81;145
217;143;341
293;46;297
323;290;257
295;274;146
266;176;317
64;147;193
86;69;145
282;64;285
149;118;91
145;98;63
21;88;105
185;204;11
20;48;52
169;312;264
236;253;412
112;56;4
66;125;5
47;170;146
184;137;58
133;190;272
24;26;10
95;135;26
127;256;273
65;60;137
289;11;211
154;50;170
10;148;247
123;306;219
128;187;62
240;285;78
130;112;66
231;182;35
259;293;495
308;340;144
297;226;133
328;166;176
269;317;197
62;202;257
51;149;140
144;345;208
32;126;130
145;24;143
160;231;281
243;156;157
213;398;257
171;173;263
100;269;258
232;306;255
60;48;16
127;61;84
109;134;267
200;156;337
301;300;114
315;149;295
68;576;580
403;207;223
58;245;257
157;11;211
51;53;49
249;91;4
177;176;15
58;110;31
220;293;226
70;297;151
48;105;106
152;30;12
116;102;76
258;17;204
52;48;128
60;68;32
84;85;13
336;386;190
158;21;283
67;231;104
36;151;139
313;184;250
276;105;256
190;151;120
113;281;14
8;17;10
121;67;98
54;127;128
123;197;156
236;180;185
119;263;196
221;120;111
179;235;272
185;229;313
63;101;54
155;89;115
204;99;163
184;323;277
159;108;285
222;139;293
264;207;176
164;262;281
243;183;355
192;104;100
288;175;223
265;280;479
151;135;146
193;298;299
365;357;76
171;119;184
132;191;134
207;342;257
216;163;68
111;5;103
300;282;114
290;30;236
160;199;267
227;187;201
83;135;113
169;174;323
200;251;116
178;278;48
56;138;104
51;50;22
113;36;144
51;123;49
130;12;88
60;288;140
290;218;435
150;213;54
14;17;8
17;261;48
103;90;32
121;44;39
173;52;187
234;216;90
160;128;96
88;32;101
125;132;195
26;85;47
263;277;407
338;290;229
203;49;203
195;169;77
172;164;226
39;32;28
190;145;190
207;159;166
177;282;297
252;159;268
306;238;295
67;193;211
69;68;14
260;241;12
162;232;341
57;217;138
43;36;22
120;169;63
107;388;284
42;80;114
257;207;167
25;24;7
194;203;35
88;79;158
63;12;71
262;393;281
232;283;56
48;114;246
198;109;164
448;227;236
308;340;144
98;178;279
254;319;127
245;140;264
13;51;26
131;180;151
115;31;136
71;59;65
143;85;175
39;15;89
112;11;66
168;410;374
40;96;104
147;197;260
105;141;60
122;190;93
181;67;150
221;203;407
132;255;287
5;78;76
253;274;220
189;232;162
134;248;262
20;46;62
58;227;33
85;50;66
129;119;12
111;87;23
139;222;276
617;608;105
270;143;200
115;209;125
210;286;186
214;174;105
37;13;44
208;126;39
137;66;140
275;222;107
309;145;204
178;210;151
164;71;130
64;24;28
188;128;144
56;65;33
166;243;113
208;206;180
108;37;73
366;282;102
258;4;21
27;41;4
192;173;136
90;217;53
310;262;208
227;155;103
141;190;8
98;121;71
98;237;17
84;60;88
27;62;199
58;175;118
226;17;72
142;106;134
299;197;5
544;545;33
86;80;150
42;193;180
146;103;46
198;22;172
49;26;69
249;84;268
259;47;3
153;84;108
116;186;235
203;229;53
56;196;5
122;74;69
248;287;256
55;107;137
212;163;220
335;146;236
127;176;231
360;319;481
79;157;81
190;86;242
128;96;160
27;15;151
17;173;209
244;444;272
520;128;504
346;330;104
78;99;117
37;34;11
140;243;363
75;168;256
55;257;120
60;91;109
76;50;109
66;266;212
99;40;69
199;258;95
60;229;221
233;266;193
105;19;66
188;25;71
135;227;217
106;90;56
197;103;269
47;8;141
18;4;17
129;115;109
22;36;44
35;156;145
77;199;178
222;204;123
113;159;83
58;13;112
354;193;218
150;253;148
32;101;276
153;188;44
84;13;85
151;285;397
119;176;271
224;49;223
223;96;160
92;194;244
31;280;269
150;19;49
152;137;70
204;7;199
264;265;23
197;224;61
173;260;412
234;93;115
143;239;175
264;265;23
24;45;78
299;132;258
116;119;45
288;150;344
44;78;146
138;192;72
148;48;140
224;273;378
65;47;30
397;228;325
201;144;129
273;230;283
408;262;158
95;178;117
66;72;154
261;279;96
103;56;59
55;260;296
245;391;174
123;201;116
233;71;165
157;330;208
128;93;45
260;132;224
42;97;86
255;212;138
84;230;194
32;102;269
153;227;108
259;181;190
242;199;49
294;227;369
110;265;33
148;139;198
299;157;69
42;40;58
300;86;30
254;306;241
359;99;281
19;244;234
280;202;281
122;124;153
39;196;100
184;153;101
210;8;127
545;544;33
170;416;273
161;220;371
164;128;46
65;236;296
78;153;97
15;138;130
71;52;86
223;203;289
270;169;146
29;12;9
160;31;169
288;34;290
180;108;144
239;211;224
140;39;18
291;173;82
134;189;315
286;298;151
206;245;409
172;231;183
40;401;399
14;48;50
296;187;217
121;280;79
283;240;134
370;306;208
274;95;138
210;138;37
135;158;271
78;47;198
43;217;254
193;294;141
276;167;380
154;47;143
6;106;24
139;225;161
184;130;184
202;183;215
186;18;103
185;210;169
184;97;47
14;70;191
168;157;152
237;95;233
373;279;284
141;276;110
24;25;7
230;257;32
25;92;135
165;246;293
271;245;362
249;113;230
177;303;280
400;300;500
257;35;219
246;176;124
296;211;140
19;40;40
178;123;125
257;279;248
184;120;55
277;293;35
167;226;231
420;29;421
268;285;252
169;232;138
159;228;204
142;120;105
84;83;30
12;54;274
78;293;281
206;208;9
218;135;66
44;103;137
121;98;121
228;198;67
211;122;232
97;194;137
97;36;167
245;273;274
309;242;289
293;32;243
149;51;140
235;294;121
3;184;287
107;267;173
112;207;26
84;13;85
352;127;279
29;218;281
23;41;23
23;126;26
19;197;194
42;147;191
213;207;159
252;258;218
192;212;28
129;207;95
221;196;71
164;164;164
153;170;190
230;231;242
150;278;368
161;157;51
231;295;354
252;149;152
237;184;389
22;67;68
156;133;205
420;289;195
259;275;424
230;157;375
209;214;114
230;400;175
309;129;282
118;171;243
126;245;325
167;250;48
266;110;122
215;40;124
215;14;9
138;240;158
205;77;193
113;120;232
75;95;80
108;109;150
404;253;270
155;165;122
143;27;29
96;131;70
214;274;432
290;34;288
236;219;266
358;236;251
119;275;197
140;223;271
220;296;352
183;248;383
176;46;13
63;70;10
65;268;271
33;545;544
54;54;44
108;166;252
42;192;188
162;205;321
60;11;61
76;200;8
226;209;115
159;226;72
414;280;285
12;184;11
32;53;52
81;82;10
172;246;294
81;149;136
25;6;12
9;285;79
232;196;289
174;262;214
134;378;297
464;285;251
82;223;191
284;133;230
135;45;123
81;205;32
158;407;262
110;178;90
286;434;276
201;52;262
48;32;18
206;70;30
183;153;78
252;115;277
340;336;52
42;54;76
174;205;172
124;27;86
210;63;73
249;90;56
66;141;167
274;192;190
266;244;172
157;275;6
290;217;118
220;112;204
134;241;154
225;152;348
373;252;275
104;49;94
110;89;160
75;171;139
58;249;107
111;50;55
34;33;26
280;330;73
162;213;197
191;422;270
225;18;51
241;116;349
128;139;202
60;61;11
298;130;319
76;720;119
156;39;211
263;216;299
174;283;175
69;234;201
175;204;95
96;168;30
23;75;20
370;352;114
421;298;183
251;82;133
339;267;123
160;112;135
166;149;54
366;233;145
80;106;67
190;239;149
240;358;135
230;80;64
114;36;111
168;187;252
87;206;220
130;128;47
158;160;117
174;451;286
101;105;138
226;207;314
463;263;271
261;187;136
356;156;320
197;265;361
256;192;320
219;422;274
241;384;188
66;143;203
32;60;68
154;170;72
117;266;235
239;192;139
179;28;279
263;270;430
112;152;113
99;91;106
133;123;149
181;119;59
156;205;71
295;192;215
23;11;13
182;53;201
144;640;656
304;175;137
268;221;258
277;339;241
210;201;66
170;272;197
506;238;272
275;96;226
106;138;146
44;75;165
247;387;178
12;50;162
64;31;48
21;20;29
27;108;122
331;152;280
213;181;229
90;246;184
43;193;100
40;167;231
288;256;92
208;234;58
23;89;106
147;169;22
206;239;354
128;168;118
257;260;231
33;167;176
19;150;10
365;27;364
173;108;189
144;82;57
92;57;45
239;367;256
181;75;115
139;77;295
265;182;148
344;256;227
68;66;225
121;156;81
60;110;3
79;197;119
90;182;228
216;177;117
82;365;286
117;275;166
78;152;288
66;108;249
120;285;285
35;182;174
73;167;68
417;195;300
89;264;190
151;169;69
282;218;275
86;122;83
269;214;58
30;34;16
78;98;92
274;52;235
251;91;215
273;167;152
337;268;144
80;48;64
300;439;184
76;285;264
82;195;202
128;520;504
103;174;163
289;232;286
205;249;80
39;63;5
320;256;192
47;27;82
271;356;208
233;36;251
261;288;289
18;55;20
27;88;211
231;569;520
58;5;136
388;229;243
272;176;133
50;53;35
141;38;115
257;104;105
300;28;111
298;538;249
36;265;189
261;189;180
399;227;177
98;86;32
176;101;115
252;124;353
224;306;219
288;290;34
241;434;279
69;84;52
181;166;117
231;183;179
260;264;172
258;57;274
262;193;67
209;122;274
414;169;280
96;300;58
273;83;245
270;60;249
115;94;44
109;185;109
190;135;134
242;166;215
193;174;50
464;256;292
145;185;129
76;317;720
46;8;40
84;165;119
233;6;214
32;117;135
187;330;214
250;159;192
308;144;340
260;196;141
119;54;23
73;142;287
285;323;249
192;156;48
356;320;156
259;220;127
20;251;30
60;109;91
72;170;154
168;95;193
296;214;165
18;92;8
79;169;84
288;34;290
420;156;288
205;183;165
76;324;285
285;474;261
86;158;150
71;60;114
232;158;108
231;213;118
287;435;215
72;75;71
66;168;116
176;5;290
121;102;127
177;21;175
11;14;7
402;285;242
198;121;195
122;69;80
287;46;77
122;160;100
286;185;62
210;44;237
162;137;7
117;292;284
269;96;128
189;240;76
62;120;56
99;364;271
3;150;222
261;100;242
114;85;130
128;211;110
56;172;118
171;119;119
134;152;58
256;145;10
61;6;272
144;342;275
78;239;288
139;74;35
132;196;186
32;77;155
125;33;157
208;148;112
250;446;279
136;196;213
273;390;191
352;93;278
85;191;138
83;224;208
207;260;361
240;161;174
248;74;189
82;236;234
291;431;293
123;164;268
44;174;202
235;275;204
46;272;63
99;120;184
280;287;284
309;279;189
103;162;236
97;77;88
152;30;32
111;73;227
179;318;157
167;371;263
197;322;152
108;217;223
128;185;224
9;171;193
94;101;59
240;374;180
337;152;283
154;63;170
166;171;192
110;41;148
283;166;125
108;271;65
249;101;314
170;264;314
37;74;56
104;108;62
167;107;131
113;114;36
242;378;176
250;175;389
65;6;84
131;239;228
44;125;117
299;271;485
134;222;204
88;174;198
104;4;105
244;277;175
87;221;286
55;65;34
193;110;211
88;253;324
243;141;113
147;183;46
195;159;289
225;178;38
205;261;384
96;46;60
132;173;123
30;61;72
84;204;192
85;265;58
14;61;287
286;62;308
217;74;201
182;123;216
112;73;204
17;13;189
172;177;185
685;684;37
483;265;256
253;266;168
283;171;137
239;131;131
246;161;292
258;61;157
20;57;72
72;244;203
26;110;109
295;132;170
288;175;337
409;216;255
6;182;120
142;268;294
241;269;66
245;185;207
84;124;196
339;300;268
394;186;287
56;155;123
158;4;209
68;50;111
29;63;13
112;384;400
93;48;294
138;176;66
164;190;179
64;5;171
540;549;99
46;136;58
207;210;184
224;72;62
234;336;206
256;198;304
172;29;158
53;60;112
72;116;63
238;276;358
341;253;216
128;75;182
67;97;51
390;229;251
319;257;92
40;276;53
64;225;107
155;222;136
35;199;217
291;286;181
279;22;258
81;124;48
325;323;36
35;29;37
360;216;288
163;238;180
159;265;223
201;53;209
13;84;85
221;144;156
82;107;216
7;22;8
191;106;82
267;398;167
99;269;262
168;185;54
246;15;218
144;151;253
73;126;290
279;38;211
102;36;158
122;262;94
5;20;73
38;245;219
173;254;208
176;174;29
25;124;220
159;38;101
6;258;135
144;255;228
197;285;164
141;278;151
192;42;249
148;273;241
289;164;335
66;168;143
304;137;244
220;266;350
219;147;112
278;166;54
196;5;177
81;115;74
116;179;78
16;62;295
5;174;202
71;58;215
159;293;411
153;165;149
217;73;140
35;104;30
317;136;263
117;22;158
110;84;35
41;56;232
20;114;62
270;249;151
163;176;113
30;8;41
202;179;115
345;152;377
80;179;192
54;69;35
23;256;211
220;236;224
180;95;189
297;133;235
283;517;247
193;326;289
136;102;146
168;284;419
169;64;223
163;166;171
236;218;137
99;91;66
248;271;479
69;95;128
92;57;259
64;66;197
123;198;261
28;14;14
105;116;47
4;105;44
217;297;117
156;111;85
409;252;226
33;65;56
198;40;202
12;254;261
170;173;212
220;241;280
120;78;109
160;288;77
238;230;334
62;161;177
40;188;185
177;165;37
446;217;239
139;185;138
118;246;216
280;333;160
261;91;295
102;91;68
265;4;84
191;332;148
59;216;261
143;52;174
194;298;252
58;121;86
169;218;180
18;6;14
139;289;413
285;45;244
31;50;24
162;218;322
133;206;38
231;181;8
396;445;203
81;68;33
162;238;166
85;84;13
193;239;92
218;217;137
312;90;295
197;165;185
276;228;479
59;55;37
291;431;150
255;233;257
256;480;544
123;101;134
297;425;304
190;200;30
38;66;22
145;203;98
437;292;220
240;183;363
232;129;178
233;253;61
25;70;68
39;36;26
236;18;204
72;114;74
131;292;278
209;216;46
326;153;182
114;285;92
297;136;182
254;261;255
69;124;69
256;146;192
4;253;220
72;35;149
51;121;149
141;254;281
303;285;238
108;250;329
72;97;65
299;459;209
108;32;45
191;13;177
205;63;37
27;109;88
256;502;273
78;203;114
149;242;45
91;60;124
269;206;183
298;224;154
267;179;369
142;110;163
207;140;136
267;84;309
125;173;184
92;268;241
234;60;209
153;194;327
80;18;82
212;26;187
49;13;35
224;211;139
72;193;124
133;176;145
226;181;95
261;256;437
108;250;49
86;137;185
288;326;45
232;168;160
102;293;199
192;146;50
48;55;73
37;81;105
144;199;291
254;81;199
70;62;58
91;180;151
238;183;207
56;33;65
8;42;114
34;153;137
299;278;104
133;251;237
18;265;187
45;20;30
107;145;118
243;159;52
136;287;221
263;121;345
11;228;160
253;325;204
77;74;81
170;28;128
399;127;276
150;3;178
30;165;64
289;11;208
30;71;24
278;130;155
76;10;134
289;240;161
489;300;242
356;224;153
255;201;445
199;181;53
84;77;151
39;254;761
69;117;158
111;126;244
165;106;250
211;23;262
612;35;613
239;217;203
171;163;92
45;27;36
181;180;19
14;289;19
39;64;71
233;194;87
33;284;269
168;170;26
155;138;237
52;89;65
476;291;296
118;113;12
22;153;166
167;129;167
19;107;171
16;35;27
116;164;203
83;127;108
72;102;165
25;289;284
206;39;181
218;116;264
480;31;481
204;110;266
255;196;187
512;297;278
442;458;120
85;184;153
270;187;127
84;23;67
125;215;153
195;287;97
142;112;212
168;95;193
284;281;235
17;100;51
211;84;270
20;14;132
219;147;213
254;348;280
187;97;103
338;158;188
297;408;114
9;9;56
160;318;266
251;468;256
258;111;160
38;86;124
188;259;112
266;76;210
189;316;167
61;71;83
64;109;90
63;16;65
93;19;94
82;124;76
102;287;238
401;298;257
26;211;235
258;35;197
209;262;389
96;262;130
353;113;286
121;266;170
3;212;57
90;54;72
165;66;149
338;189;219
134;30;43
278;55;255
114;214;246
31;98;211
401;202;292
205;213;298
108;117;45
148;271;277
225;198;385
359;181;234
143;141;238
190;269;40
89;7;101
188;324;169
136;138;99
261;157;131
92;38;92
236;112;132
62;35;50
134;64;13
216;463;275
47;266;205
288;181;255
96;75;98
328;72;320
33;125;93
144;130;21
32;129;169
244;240;44
188;300;122
38;283;300
214;287;183
144;85;208
185;185;331
94;72;110
230;207;315
159;283;431
70;99;32
364;281;237
120;160;49
32;31;50
5;201;111
247;213;250
297;282;131
55;40;35
192;172;138
69;271;279
161;237;43
27;209;234
424;276;292
274;176;210
299;343;97
135;68;159
96;128;89
384;216;294
100;64;146
493;273;298
41;142;139
154;238;88
208;232;211
101;8;106
267;365;214
113;130;217
184;199;163
272;245;140
33;46;94
221;244;201
107;268;104
184;43;142
137;169;129
158;247;102
125;97;159
116;43;104
127;60;157
177;238;81
344;273;135
172;182;184
31;223;262
241;313;260
264;125;217
32;168;147
246;216;56
150;169;108
212;271;137
158;281;131
160;10;152
245;216;447
382;233;172
135;144;43
27;18;20
277;239;411
203;235;305
223;141;288
50;25;48
91;227;183
358;181;213
318;134;296
88;190;269
336;320;464
193;172;145
58;22;10
275;126;250
189;147;132
170;112;201
78;223;181
229;173;185
288;124;262
57;122;106
208;133;112
243;154;94
277;271;127
200;287;218
135;268;145
30;153;156
253;121;138
73;45;31
133;102;52
147;105;52
128;203;265
122;188;120
97;87;177
291;28;150
105;90;142
150;90;220
238;240;338
248;280;147
69;25;67
82;93;12
406;261;158
253;396;146
384;416;160
242;177;275
276;253;37
232;88;295
306;138;216
55;253;101
130;179;232
112;95;179
181;169;209
211;24;102
186;175;178
111;121;26
176;202;160
270;498;251
102;66;113
147;200;156
163;177;67
257;170;218
46;15;8
155;33;74
238;239;394
212;11;127
97;103;74
94;211;283
112;212;180
117;29;133
216;225;63
252;234;308
192;107;157
288;280;565
55;47;260
197;33;190
266;198;146
196;167;77
214;280;231
56;267;300
298;254;207
273;180;53
278;44;309
158;203;206
403;259;268
244;215;86
57;165;217
117;65;119
10;96;6
190;124;69
288;176;306
365;357;76
288;360;216
214;100;16
260;103;308
178;116;100
217;186;235
63;137;171
47;275;292
250;114;355
4;193;47
252;207;172
215;227;202
289;298;426
9;166;137
12;27;17
163;170;161
264;339;82
108;81;135
228;157;115
149;125;230
272;353;225
122;217;162
281;259;27
144;69;22
105;65;165
190;397;285
157;49;152
261;196;127
171;284;255
271;432;256
167;238;334
520;504;128
118;236;285
89;133;45
100;135;138
29;20;21
47;180;110
549;281;273
152;217;66
257;196;335
46;142;194
172;230;148
147;35;269
233;187;286
395;271;243
98;211;235
191;137;237
250;271;472
269;464;219
266;410;312
206;297;94
135;96;147
120;285;186
167;42;130
277;157;276
215;360;227
196;93;119
250;53;97
123;47;169
412;283;266
300;188;199
260;294;225
133;154;232
5;4;3
291;340;201
205;84;187
28;45;53
102;102;3
50;195;243
466;296;225
330;346;104
193;245;269
123;217;173
357;265;278
169;170;241
168;178;62
125;100;75
252;68;170
211;203;117
94;116;140
78;72;19
12;77;225
217;204;295
201;250;188
21;287;18
69;110;165
162;117;190
210;274;176
59;295;162
3;68;81
145;241;259
23;264;265
218;29;21
71;108;63
152;31;42
236;193;98
30;224;226
303;157;259
210;251;61
276;348;204
63;137;118
49;161;38
500;400;300
106;83;173
39;127;259
106;116;110
576;580;68
102;248;232
101;249;252
202;185;351
8;105;24
140;48;148
235;210;132
156;225;96
273;305;136
442;120;458
100;313;239
442;458;120
120;218;182
185;279;240
8;185;70
372;271;145
458;442;120
193;109;151
15;112;113
20;89;95
24;47;70
23;50;13
394;253;190
38;243;83
290;70;242
214;227;197
353;272;225
64;48;108
153;440;289
192;319;150
43;123;192
115;100;57
23;182;163
159;169;179
46;182;178
132;157;85
228;271;192
58;231;221
227;77;245
119;54;171
258;8;141
254;103;43
244;369;137
10;296;245
209;244;224
152;200;257
238;194;162
179;299;183
90;90;113
104;96;258
83;83;118
268;140;279
252;194;179
267;53;68
209;52;84
171;124;83
416;250;247
132;26;145
223;201;52
209;76;156
12;295;180
151;272;316
267;12;36
176;129;197
168;266;107
220;123;312
34;16;30
525;273;274
235;244;57
21;40;59
95;288;83
297;382;101
47;82;38
252;50;218
226;143;77
90;94;76
187;68;254
245;251;160
296;9;195
93;154;146
92;300;112
96;212;158
91;136;185
292;198;291
213;231;262
19;30;5
33;55;68
225;194;357
284;333;171
195;250;210
139;24;35
544;33;545
36;229;48
192;212;376
64;136;120
211;228;394
166;56;154
175;210;283
231;414;189
413;296;121
134;117;92
11;279;155
179;59;213
99;540;549
291;516;234
98;254;193
192;316;213
79;81;130
190;168;116
89;50;134
34;30;16
11;250;276
50;43;28
29;56;32
209;216;207
271;314;71
198;290;138
111;241;173
100;130;111
98;97;6
19;169;157
48;75;161
202;270;310
24;10;63
557;297;281
366;176;214
133;200;35
229;319;282
73;37;223
274;285;118
54;33;39
138;129;26
206;320;167
289;160;173
133;232;122
33;306;295
224;118;153
5;233;64
115;235;156
155;237;228
199;94;75
52;165;91
17;248;59
365;223;247
121;110;86
210;70;242
232;3;34
66;152;138
196;146;120
61;57;236
16;84;17
266;294;213
153;104;15
152;93;292
300;212;275
177;241;241
19;141;63
202;40;198
287;211;310
133;49;210
298;89;222
6;51;244
250;24;154
65;291;35
80;64;48
37;41;169
167;120;162
338;266;141
112;81;116
157;46;291
79;45;167
154;249;56
280;128;196
188;275;84
267;256;409
69;115;126
470;298;261
214;197;217
207;294;470
239;257;24
22;182;48
277;547;294
320;196;258
213;21;229
114;178;175
132;57;68
45;108;117
275;252;86
213;147;315
53;90;115
248;318;77
14;41;51
235;77;24
481;31;480
47;27;48
252;260;64
4;40;36
22;29;70
5;72;12
63;35;165
240;289;161
197;283;224
67;152;87
226;178;283
155;136;237
279;160;280
113;98;62
422;268;283
184;71;135
33;545;544
221;21;220
35;153;167
259;61;273
127;163;187
34;117;104
841;840;300
120;442;458
297;153;297
232;134;94
64;84;98
272;21;136
118;161;208
65;51;15
293;271;243
48;128;118
212;166;58
273;352;92
281;196;118
80;156;235
80;18;165
28;48;48
76;125;208
3;4;5
175;59;136
120;70;72
223;296;94
7;164;109
190;261;280
112;66;130
180;112;212
20;101;99
95;217;171
30;7;81
94;129;64
12;162;252
136;186;147
233;231;292
106;123;141
195;208;262
76;99;189
302;298;254
148;125;268
31;247;242
24;39;6
333;315;108
18;212;165
121;127;69
148;143;212
262;99;133
148;277;162
123;176;186
46;144;244
24;30;7
89;146;96
50;64;89
136;179;214
69;74;51
256;177;386
130;194;126
213;118;120
23;33;153
136;208;190
138;198;290
433;408;145
294;274;446
126;60;196
265;550;296
40;61;37
270;66;63
29;103;121
250;228;365
150;351;213
112;15;113
68;160;206
192;192;224
76;280;86
273;101;160
195;172;336
60;186;130
163;230;126
527;255;279
273;211;180
227;285;437
190;148;53
180;164;122
130;126;32
273;68;51
472;255;276
396;230;186
245;167;194
202;301;187
98;17;28
300;222;154
207;296;247
127;148;137
102;282;126
175;288;337
118;84;77
177;218;199
269;86;128
292;230;327
46;288;80
225;87;9
243;163;330
569;231;520
167;96;241
178;236;242
209;180;193
76;285;62
254;174;396
336;386;190
257;76;225
6;62;161
116;258;162
130;261;331
168;257;203
155;123;74
202;198;40
53;30;299
272;225;353
136;570;586
238;279;216
19;160;214
229;428;215
51;191;296
76;85;74
127;177;154
227;202;72
141;164;53
60;126;89
272;377;233
103;60;80
128;15;198
273;144;301
409;294;153
216;402;268
80;404;396
108;223;129
248;378;264
132;35;40
70;33;3
369;131;291
198;70;223
521;279;440
204;170;96
260;96;287
177;63;185
72;154;170
210;41;227
247;234;63
193;252;186
180;144;99
9;41;40
58;34;53
121;10;128
63;29;70
99;195;118
31;480;481
267;238;425
176;307;150
215;107;174
73;116;15
127;194;77
113;258;147
63;216;225
29;221;240
59;250;248
241;236;142
232;34;251
256;292;99
221;419;273
152;183;279
77;36;85
232;142;73
64;127;121
28;238;122
140;276;220
60;145;150
154;135;172
154;127;244
381;216;298
224;280;166
56;234;261
81;89;8
269;177;82
63;197;185
84;287;337
128;22;102
221;206;131
150;194;177
98;76;92
195;136;186
260;256;167
264;248;134
244;196;145
176;184;260
37;141;110
360;38;362
264;104;11
5;299;27
162;152;285
299;179;430
103;232;277
178;52;191
126;261;367
240;268;124
85;31;124
11;23;9
106;37;176
180;212;112
55;217;178
73;294;41
271;114;126
77;202;226
25;24;7
256;168;289
191;236;51
226;369;160
126;46;258
29;83;72
285;293;68
22;4;33
258;335;149
132;298;274
126;118;204
16;92;6
278;74;21
10;16;17
193;148;51
15;84;74
193;187;78
226;102;56
113;62;140
242;293;120
194;145;182
289;214;176
277;266;217
71;44;4
92;47;74
54;186;170
119;120;169
226;216;334
65;234;104
165;141;99
65;289;86
21;20;29
74;79;29
30;94;73
200;139;246
151;169;131
173;20;241
118;241;162
55;69;27
232;193;172
34;12;40
55;44;54
264;266;464
37;12;35
148;53;96
271;7;289
289;195;183
187;184;253
150;269;299
50;29;29
296;59;251
131;18;51
280;39;188
288;31;195
275;190;197
200;182;139
239;258;48
228;120;114
117;44;125
211;239;93
68;32;60
30;34;16
104;107;143
132;303;240
244;225;259
171;248;120
90;83;158
175;100;4
178;357;261
118;194;238
192;208;80
8;113;291
275;349;263
132;59;275
116;203;112
104;266;253
186;186;148
149;176;131
38;129;37
194;259;172
480;234;273
170;204;296
201;202;11
233;177;120
264;263;285
201;143;261
273;136;305
10;157;281
295;83;354
221;211;337
224;299;323
185;111;162
179;340;300
251;201;447
30;302;300
139;155;156
138;144;9
131;93;272
221;292;495
195;152;95
72;154;170
233;297;286
269;163;171
145;298;191
136;211;96
318;277;83
87;218;174
276;253;480
138;191;227
270;143;86
160;313;188
160;257;235
82;24;281
106;56;90
17;51;248
257;220;114
152;148;227
80;84;116
251;126;161
298;37;305
185;33;49
83;54;79
272;354;225
235;231;33
96;25;72
31;141;90
58;61;71
34;30;16
210;178;115
206;144;346
357;205;235
128;73;65
37;33;53
118;199;179
39;97;119
63;156;129
31;149;152
205;216;324
167;10;77
436;240;364
146;355;244
345;294;283
166;299;453
84;98;22
146;127;170
115;189;126
656;144;640
49;223;85
122;178;92
124;256;272
180;299;349
86;255;236
156;356;320
239;231;11
187;308;138
59;30;20
84;187;205
46;69;190
144;180;108
167;233;228
183;177;25
229;220;138
176;153;113
227;117;189
206;236;166
166;82;112
68;22;80
200;208;294
193;111;280
66;44;49
58;28;184
144;117;133
3;96;233
418;240;482
144;150;202
99;93;146
203;408;215
433;280;270
87;18;120
116;41;38
29;116;159
178;112;181
50;36;289
66;185;229
68;32;60
112;38;275
279;113;521
427;232;214
364;436;240
165;52;173
68;66;52
280;246;166
120;458;442
53;99;115
287;197;64
175;288;337
227;290;195
123;223;300
87;288;123
50;179;264
300;262;547
159;138;202
223;134;185
141;59;147
146;296;193
9;115;68
4;277;236
39;19;167
70;172;33
24;251;7
248;168;177
11;11;19
202;22;221
48;41;11
5;156;135
298;218;168
31;260;130
249;299;537
229;215;184
296;78;247
263;122;106
179;221;202
87;93;78
280;107;294
413;295;187
62;278;214
530;192;494
4;227;9
318;286;130
83;31;182
90;180;112
105;32;68
348;271;228
100;264;260
243;138;139
84;116;80
201;85;90
230;288;205
275;161;401
64;252;260
309;244;271
356;226;193
139;238;233
42;33;12
14;70;80
16;142;136
138;166;135
206;174;44
232;82;81
162;205;108
463;253;232
211;261;58
50;270;180
13;217;231
165;301;209
28;10;30
89;88;120
148;239;229
292;221;234
209;170;201
72;266;301
322;229;214
262;267;83
399;401;40
98;178;250
116;111;209
197;17;294
171;164;42
116;56;74
112;230;141
55;144;137
105;109;249
191;199;245
153;379;282
17;22;8
231;202;133
177;9;100
276;231;290
381;204;229
31;68;85
240;265;161
16;148;162
307;112;246
57;206;128
75;252;77
14;46;3
284;60;131
277;224;81
390;56;394
76;102;31
324;90;247
228;143;92
101;211;165
148;97;174
320;356;156
3;33;96
249;153;380
191;251;64
186;165;209
126;162;261
264;173;151
253;185;106
224;165;178
73;133;77
227;4;45
269;203;471
495;279;237
225;90;16
123;203;200
18;39;31
195;352;292
188;69;222
228;128;232
220;196;82
96;50;47
132;128;34
188;193;71
46;6;173
57;115;68
256;51;235
230;51;261
20;143;151
52;169;242
160;220;93
271;47;28
43;17;291
442;237;296
272;445;258
163;232;47
195;197;28
11;80;142
181;437;261
166;49;137
171;40;298
243;19;261
25;24;7
115;35;123
41;154;125
272;381;196
124;194;176
62;260;286
56;24;152
203;247;384
165;145;57
121;182;112
249;17;235
97;133;170
6;8;10
19;145;161
129;196;259
150;73;167
341;233;234
204;424;277
67;147;126
229;221;60
15;216;24
166;213;72
192;292;220
136;101;39
140;310;186
27;82;133
281;71;313
128;520;504
162;106;9
243;353;138
23;19;21
145;115;247
65;72;97
74;104;12
54;72;90
9;5;72
65;33;56
163;283;442
288;287;199
297;51;96
33;80;54
121;660;671
211;322;135
180;189;261
29;128;3
84;111;63
12;89;5
208;176;299
176;43;13
242;280;134
188;211;82
344;194;235
229;106;141
126;263;370
225;63;216
265;267;364
233;233;215
118;150;267
84;184;250
96;99;171
157;209;91
54;28;72
200;165;163
132;53;178
240;269;267
199;139;96
10;6;8
96;60;129
164;160;198
10;103;261
60;160;3
80;108;50
22;190;289
6;83;132
200;192;56
249;190;177
111;187;146
155;155;287
247;171;169
129;20;292
235;330;215
235;192;245
161;276;190
198;212;386
197;44;193
259;266;306
38;9;58
16;30;15
156;233;382
93;39;123
101;167;166
45;83;90
204;66;143
158;3;217
255;116;343
200;18;292
91;96;74
14;41;121
134;118;31
165;52;173
113;120;15
218;106;281
16;12;20
23;187;206
191;226;49
32;115;172
122;206;145
81;76;41
166;290;217
586;136;570
49;86;55
125;199;127
181;19;180
131;296;313
325;298;243
40;84;254
230;191;285
145;69;88
110;186;153
292;169;428
138;274;146
92;298;280
139;276;188
109;91;60
267;190;374
220;26;40
113;27;237
59;55;92
124;56;116
193;327;154
370;225;156
215;145;75
62;173;176
181;19;180
19;102;110
278;300;140
25;102;276
85;84;13
263;250;388
175;114;214
195;328;300
160;231;281
21;26;168
352;135;377
105;154;48
431;294;190
10;121;25
67;45;30
109;129;269
46;184;234
47;258;173
126;126;137
48;38;75
209;320;217
9;168;275
214;229;130
125;346;287
298;137;374
248;218;195
168;192;27
157;17;187
187;261;410
38;106;64
326;143;265
83;7;53
294;30;299
52;32;33
230;228;293
83;240;284
431;282;287
37;230;227
168;170;26
263;149;129
269;133;83
95;141;49
296;105;222
280;401;266
41;108;105
223;262;337
27;35;17
39;156;37
150;5;278
224;93;193
50;249;239
86;234;307
107;27;88
288;195;238
156;205;133
34;213;96
326;253;139
96;100;28
74;20;115
164;184;185
220;143;204
180;277;237
24;9;234
46;3;105
329;137;219
47;201;175
158;143;193
140;114;195
271;368;187
185;204;149
283;188;126
266;119;75
84;13;85
261;461;380
386;265;207
256;21;260
171;140;221
219;267;54
139;114;245
229;169;272
476;284;278
91;120;244
311;136;268
220;285;165
174;288;139
62;155;197
300;197;328
242;211;381
9;202;120
17;145;144
231;186;40
73;200;154
294;81;179
142;39;46
121;192;218
284;123;270
221;229;60
159;16;81
218;88;119
7;73;217
113;130;256
36;55;66
44;134;75
111;49;79
12;53;63
101;120;108
170;168;26
179;298;9
62;202;162
95;298;279
135;352;377
327;164;187
40;193;192
258;133;175
4;6;7
136;268;219
761;360;39
214;233;361
613;35;612
118;66;69
326;273;274
184;29;40
222;458;300
92;293;347
130;26;163
155;261;151
72;122;92
40;131;199
48;63;104
20;210;138
241;84;36
151;91;105
253;69;129
213;293;480
285;9;242
265;244;270
121;16;258
65;67;46
101;144;134
267;91;62
16;6;15
22;60;48
272;124;124
147;223;112
39;65;198
123;28;87
89;178;250
237;249;83
96;77;91
154;52;113
193;241;248
85;150;68
23;90;28
146;327;251
291;170;139
68;44;76
92;149;281
183;366;284
161;237;142
13;50;49
55;95;88
69;288;292
152;256;254
40;401;399
403;238;168
280;27;119
458;442;120
100;210;238
117;149;76
299;305;191
239;225;126
199;89;96
253;4;145
173;165;52
137;133;172
210;288;326
272;11;264
235;187;287
40;152;15
6;19;28
257;51;283
75;169;140
110;176;131
86;96;142
146;64;13
142;4;66
302;296;148
422;170;254
33;545;544
87;232;76
111;154;75
258;227;341
42;97;37
14;169;24
76;167;82
221;21;220
357;211;177
184;109;87
84;46;7
73;270;141
232;85;94
48;175;289
290;416;285
299;180;349
6;8;10
179;157;157
326;77;274
3;230;143
27;298;168
138;270;189
210;194;323
140;175;50
21;221;220
136;232;146
109;123;289
66;56;72
108;101;86
201;243;193
216;189;359
8;164;20
112;211;164
141;47;111
161;147;161
238;244;406
176;133;119
324;232;124
217;151;214
276;233;3
149;157;258
226;251;23
156;78;83
210;133;158
273;133;333
134;12;44
211;246;321
193;240;83
198;202;40
304;207;124
91;196;169
143;216;58
46;276;246
324;245;183
100;220;118
226;223;313
121;58;158
40;150;123
99;20;101
504;128;520
287;14;60
277;29;214
239;34;116
175;214;111
195;383;285
136;26;40
179;261;96
176;232;245
246;65;291
251;462;290
110;140;65
182;212;107
222;296;288
245;134;50
191;119;249
278;178;301
39;75;62
217;215;13
187;171;134
77;117;193
100;235;15
349;257;172
117;267;277
284;476;251
91;58;72
50;148;172
55;29;70
291;98;263
157;248;166
241;80;251
191;151;82
208;97;184
70;24;74
331;257;98
235;60;92
279;196;312
100;156;26
253;121;194
278;112;265
197;244;188
44;196;195
87;173;8
99;146;141
112;49;70
300;206;130
152;101;88
297;174;133
60;58;53
17;53;34
222;103;252
57;82;34
97;220;278
209;115;230
45;117;108
222;385;201
291;294;72
52;269;181
71;171;163
280;296;96
196;147;245
365;107;278
214;220;219
179;418;280
130;102;33
295;184;450
59;258;244
109;42;199
191;91;102
151;166;305
126;162;258
22;76;60
22;92;11
14;97;41
315;277;254
270;348;196
269;203;425
234;246;120
222;130;260
53;188;184
257;115;194
13;24;16
195;227;110
62;123;32
159;206;200
286;213;359
137;103;188
243;336;188
127;191;13
113;162;225
139;272;166
165;152;166
5;129;130
560;204;596
188;175;222
359;278;264
113;118;87
172;335;296
325;142;244
505;456;217
175;264;196
87;174;278
156;249;110
213;230;10
289;156;261
238;159;361
230;248;126
39;164;13
212;133;125
265;367;147
273;114;66
144;308;340
210;304;276
58;74;68
393;286;204
165;153;185
145;16;52
259;375;252
273;6;288
207;70;152
94;264;197
220;192;292
8;23;99
131;135;188
169;119;120
160;150;283
289;219;36
237;287;85
275;295;40
277;81;217
184;134;276
85;244;314
311;293;281
80;48;64
272;484;294
277;124;223
9;197;62
247;184;168
59;190;66
483;300;225
239;159;264
125;143;73
35;109;211
115;176;83
289;232;147
68;313;296
75;137;230
118;102;130
280;316;205
232;132;332
10;42;223
236;375;259
128;85;91
220;321;260
155;166;225
175;129;160
234;206;434
163;72;201
234;216;24
89;80;39
130;164;129
54;90;72
243;248;218
300;338;77
162;68;300
22;77;64
96;24;77
238;217;385
71;187;146
78;83;78
194;282;324
173;19;222
107;21;112
232;206;221
123;184;137
83;124;142
272;142;196
210;112;31
100;238;222
67;186;123
165;151;283
56;390;394
393;271;254
122;120;22
145;20;177
297;278;136
238;276;237
177;22;23
50;201;60
22;242;71
59;101;70
143;177;123
21;114;102
104;199;71
103;132;243
170;164;33
89;193;256
151;289;302
182;139;172
43;155;67
331;189;173
126;269;245
132;157;85
4;8;10
187;33;181
261;92;171
188;212;196
181;195;170
266;227;201
178;18;92
268;260;116
59;3;10
218;347;236
138;237;157
182;295;453
237;48;218
233;108;170
226;146;354
83;196;82
13;188;44
165;167;161
31;35;65
288;285;200
292;287;147
114;242;148
217;93;198
293;234;244
286;308;55
35;89;228
82;115;107
204;401;269
104;58;180
193;12;186
43;157;169
282;271;126
148;14;14
125;134;159
217;83;109
21;134;173
444;274;264
120;55;207
12;34;63
265;74;140
172;98;76
61;265;262
211;258;164
337;153;288
104;110;24
296;145;207
217;5;42
286;245;407
77;200;63
290;389;280
42;73;71
75;73;7
228;388;168
113;164;141
76;122;193
65;336;294
53;260;15
113;340;271
200;192;56
256;226;191
135;133;249
22;49;24
265;159;325
72;4;62
55;74;56
5;20;128
12;37;35
167;110;134
164;151;120
393;283;247
280;161;133
152;61;148
324;207;180
360;216;288
125;76;263
208;286;262
204;237;335
215;76;724
242;163;29
97;60;60
124;280;403
370;220;283
34;131;67
41;134;114
161;299;203
231;61;245
182;49;45
133;156;205
246;311;237
152;140;13
339;185;262
101;78;54
193;142;110
70;11;272
27;32;3
7;101;271
73;197;254
32;94;20
97;227;200
136;197;35
171;177;109
162;268;178
45;208;63
95;241;294
19;266;300
270;392;251
92;102;142
224;153;292
43;156;219
323;120;226
190;172;5
47;193;188
230;174;26
252;260;64
334;234;173
46;189;168
88;39;196
134;299;244
349;277;230
8;103;295
217;289;483
221;191;223
83;81;260
284;87;261
376;154;240
121;123;53
261;78;222
148;121;189
272;242;452
355;240;152
87;146;113
206;103;125
230;199;245
34;179;168
71;98;28
92;105;129
299;187;443
142;187;149
153;211;207
88;103;170
28;109;125
273;397;258
277;353;292
105;198;51
296;338;136
425;200;375
277;122;302
32;180;62
43;65;146
98;273;100
234;172;111
210;146;236
178;167;215
16;49;53
30;91;8
86;70;64
135;103;195
303;85;219
148;34;170
146;99;226
269;243;164
73;293;115
92;212;205
260;217;201
33;60;74
69;15;115
144;306;270
112;85;84
220;142;163
256;128;215
142;206;214
93;170;238
87;105;99
42;138;116
268;428;171
442;120;458
113;100;155
219;180;249
196;150;108
288;291;64
34;207;89
300;252;149
81;14;176
136;64;120
449;280;351
156;199;209
200;166;208
102;280;298
152;261;6
56;143;167
52;243;50
314;170;264
284;112;376
80;69;60
108;158;214
133;240;198
93;243;193
99;87;225
263;278;87
178;184;160
110;258;264
106;93;120
202;72;150
246;168;133
201;133;22
138;289;225
45;63;120
299;81;344
345;290;214
52;74;237
96;68;146
229;228;116
326;176;241
197;31;241
284;69;131
394;264;136
161;27;138
33;230;91
167;149;47
188;192;325
159;169;56
117;56;181
200;388;197
226;254;316
86;73;99
46;68;300
87;136;71
206;209;101
174;285;176
248;324;185
124;117;65
182;21;114
154;169;201
28;42;131
223;197;273
117;67;87
188;254;236
213;73;216
176;402;295
67;36;82
279;322;94
225;80;237
140;88;68
25;149;175
227;4;225
135;229;159
96;104;40
26;125;185
300;167;253
113;283;219
167;195;360
176;72;132
369;360;81
182;349;270
120;257;154
123;34;246
256;289;184
264;170;314
264;371;160
293;213;305
57;176;185
233;249;344
299;293;574
193;136;252
253;233;210
22;17;36
204;70;52
247;98;15
255;201;134
226;224;30
289;161;240
43;260;258
258;208;424
99;22;89
257;42;59
17;209;195
147;143;197
137;7;58
105;91;29
252;134;79
162;31;290
281;120;288
99;101;20
125;117;44
196;216;120
142;182;81
142;235;132
125;96;192
300;231;59
331;244;241
35;13;18
192;191;156
158;217;62
169;113;142
158;61;138
259;163;262
198;154;59
231;176;297
98;226;25
100;75;42
203;49;196
219;82;264
26;140;91
193;95;168
53;70;41
218;114;297
6;67;167
40;90;97
46;59;108
190;287;61
165;108;248
234;197;227
265;284;88
62;146;211
181;218;191
166;161;136
264;283;153
55;106;146
162;287;283
40;42;58
197;195;28
222;40;178
163;256;150
5;102;101
110;86;140
167;66;106
246;244;211
228;206;18
126;227;187
202;51;95
724;12;720
119;150;271
133;50;89
69;137;170
4;60;26
324;255;82
317;216;291
262;200;191
17;172;26
148;253;31
117;220;135
115;19;186
21;52;271
481;31;480
226;343;227
337;175;288
128;214;228
168;137;268
202;243;167
219;254;71
106;27;4
297;223;497
195;285;404
262;114;95
89;171;178
29;115;102
280;298;102
86;36;70
203;201;91
134;261;6
165;244;226
4;196;144
209;339;292
157;128;277
35;612;613
137;254;131
233;231;167
129;152;109
115;317;219
210;38;175
209;76;218
315;167;234
226;142;143
220;120;91
13;291;90
405;243;263
148;136;286
266;227;325
239;261;245
318;296;158
162;234;194
4;211;57
38;138;120
265;343;113
221;60;229
83;125;103
50;28;137
292;266;184
48;152;173
75;96;70
152;128;85
314;146;244
19;23;89
258;417;296
131;136;244
367;234;253
204;115;52
66;161;143
298;163;449
37;79;80
129;114;45
411;176;271
86;103;139
57;149;40
289;121;217
190;276;214
294;8;129
339;269;147
229;333;260
261;461;380
236;197;244
168;74;254
52;66;58
205;177;148
240;270;87
204;66;262
156;277;174
144;180;108
580;68;576
72;220;109
236;77;268
169;119;120
87;260;304
305;21;286
86;146;118
166;190;230
278;402;261
103;114;117
225;171;238
269;250;434
110;185;184
62;221;52
240;278;172
159;100;203
116;126;71
60;30;90
232;149;100
27;99;83
116;84;80
66;138;257
75;153;158
153;135;72
113;240;280
148;180;194
125;126;72
167;254;228
93;111;181
90;297;314
184;134;271
136;65;278
162;179;158
47;51;56
93;291;296
198;146;133
292;185;230
204;172;246
17;58;100
190;29;212
164;25;74
215;180;186
102;213;141
297;402;237
298;267;18
185;176;317
124;115;88
174;35;245
258;94;137
170;214;86
9;116;231
70;202;20
175;257;28
45;121;24
82;227;12
116;146;12
42;43;148
123;12;152
106;180;129
7;236;231
57;49;66
213;117;203
261;215;269
16;34;30
214;156;344
328;320;72
262;88;97
39;49;110
152;128;190
45;232;124
274;108;305
193;28;78
30;95;174
152;290;263
404;243;234
163;77;228
272;347;229
303;273;242
5;28;16
198;79;25
236;282;208
114;253;188
82;39;91
222;209;260
61;50;90
239;102;196
243;324;405
153;173;222
144;80;95
125;256;252
69;25;110
160;225;117
80;219;255
94;119;107
207;311;123
241;96;244
107;79;163
34;224;64
293;237;230
166;157;239
250;226;136
239;252;269
294;285;101
183;113;174
110;126;148
137;111;77
323;197;274
99;20;101
51;45;62
264;447;269
100;70;153
202;217;146
232;168;160
211;149;173
191;4;11
30;34;16
8;172;189
85;60;27
127;93;207
192;494;530
188;42;98
67;48;125
175;288;337
32;127;145
212;153;192
275;18;265
219;244;420
302;196;211
101;274;328
111;116;109
193;203;168
300;271;38
256;157;237
230;109;81
35;161;152
130;344;238
48;18;44
170;265;235
150;347;229
375;425;200
220;121;301
266;68;216
82;80;18
169;105;130
90;100;96
404;268;297
112;193;156
49;268;115
146;61;160
279;268;92
3;185;198
407;178;287
134;86;183
141;230;104
157;136;127
119;236;143
142;277;102
356;166;259
9;102;64
260;437;231
246;113;7
113;79;118
221;180;17
38;91;107
287;282;15
255;241;290
5;24;6
328;81;278
155;170;183
184;228;382
98;202;64
223;281;117
164;213;241
8;74;210
231;225;351
194;396;221
56;40;22
68;136;156
112;212;180
253;126;176
146;273;290
295;119;90
108;95;185
105;91;131
200;375;425
105;94;73
131;195;96
264;146;222
105;171;112
133;235;91
141;59;181
116;225;215
259;114;161
96;245;164
44;34;37
282;345;146
182;55;184